 region population satVerbal satMath percentTaking percentNoHS teacherPay 
AL  ESC    4273  565    558    8   33.1     31.3
AK  PAC     607  521    513   47   13.4     49.6
AZ  MTN    4428  525    521   28   21.3     32.5
AR  WSC    2510  566    550    6   33.7     29.3
CA  PAC   31878  495    511   45   23.8     43.1
CO  MTN    3823  536    538   30   15.6     35.4
CT  NE     3274  507    504   79   20.8     50.3
DE  SA      725  508    495   66   22.5     40.5
DC  SA      543  489    473   50   26.9     43.7
FL  SA    14400  498    496   48   25.6     33.3
GA  SA     7353  484    477   63   29.1     34.1
HI  PAC    1184  485    510   54   19.9     35.8
ID  MTN    1189  543    536   15   20.3     30.9
IL  ENC   11847  564    575   14   23.8     40.9
IN  ENC    5841  494    494   57   24.4     37.7
IA  WNC    2852  590    600    5   19.9     32.4
KS  WNC    2572  579    571    9   18.7     35.1
KY  ESC    3884  549    544   12   35.4     33.1
LA  WSC    4351  559    550    9   31.7     26.8
ME  NE     1243  504    498   68   21.2     32.9
MD  SA     5072  507    504   64   21.6     41.2
MA  NE     6092  507    504   80   20.0     42.9
MI  ENC    9594  557    565   11   23.2     44.8
MN  WNC    4658  582    593    9   17.6     36.9
MS  ESC    2716  569    557    4   35.7     27.7
MO  WNC    5359  570    569    9   26.1     33.3
MT  MTN     879  546    547   21   19.0     29.4
NE  WNC    1652  567    568    9   18.2     31.5
NV  MTN    1603  508    507   31   21.2     36.2
NH  NE     1162  520    514   70   17.8     35.8
NJ  MA     7988  498    505   69   23.3     47.9
NM  MTN    1713  554    548   12   24.9     29.6
NY  MA    18185  497    499   73   25.2     48.1
NC  SA     7323  490    486   59   30.0     30.4
ND  WNC     644  596    599    5   23.3     27.0
OH  ENC   11173  536    535   24   24.3     37.8
OK  WSC    3301  566    557    8   25.4     28.4
OR  PAC    3204  523    521   50   18.5     39.6
PA  MA    12056  498    492   71   25.3     46.1
RI  NE      990  501    491   69   28.0     42.2
SC  SA     3699  480    474   57   31.7     31.6
SD  WNC     732  574    566    5   22.9     26.3
TN  ESC    5320  563    552   14   32.9     33.1
TX  WSC   19128  495    500   48   27.9     32.0
UT  MTN    2000  583    575    4   14.9     30.6
VT  NE      589  506    500   70   19.2     36.3
VA  SA     6675  507    496   68   24.8     35.0
WA  PAC    5533  519    519   47   16.2     38.0
WV  SA     1826  526    506   17   34.0     32.2
WI  ENC    5160  577    586    8   21.4     38.2
WY  MTN     481  544    544   11   17.0     31.6
